{
    "IsRebalancing": true,
    "MathDate": 0,
    "DomesticCurrencyId": "EUR",
    "Currencies": [
        {
            "id": "EUR",
            "InterestRate": 0.0452
        },
        {
            "id": "GBP",
            "InterestRate": 0.061
        },
        {
            "id": "JPY",
            "InterestRate": 0.0029
        },
        {
            "id": "INR",
            "InterestRate": 0.0875
        }
    ],
    "Assets": [
        {
            "Id": "EUROSTOXX50",
            "CurrencyId": "EUR"
        },
        {
            "Id": "MIB",
            "CurrencyId": "EUR"
        },
        {
            "Id": "FTSE100",
            "CurrencyId": "GBP"
        },
        {
            "Id": "NIKKEI",
            "CurrencyId": "JPY"
        },
        {
            "Id": "SENSEX",
            "CurrencyId": "INR"
        }
    ],
    "NumberOfDaysInOneYear": 252,
    "Option": {
        "Type": "Chorelia",
        "MaturityInDays": 1304,
        "FixingDatesInDays": {
            "Type": "Grid",
            "DatesInDays": [
                0,
                259,
                519,
                780,
                1042,
                1304
            ]
        },
        "ReferentialAmount": 1000
    },
    "CovarianceMatrix": [
        [
            0.00025167411303492616,
            0.0001677998595769907,
            0.00020415599839679948,
            6.100829690882706e-05,
            1.3601852377287179e-05,
            -3.6689583091548904e-06,
            1.226474045605942e-05,
            1.858545850700109e-05
        ],
        [
            0.0001677998595769907,
            0.00019533796616862884,
            0.0001398966738508124,
            4.564857946388715e-05,
            8.478683984065901e-06,
            -1.085719934287563e-05,
            -2.1080855110669193e-06,
            9.646082070185941e-06
        ],
        [
            0.00020415599839679948,
            0.0001398966738508124,
            0.0002475866938903563,
            5.496789421840842e-05,
            -2.7229950306337978e-05,
            -7.48571314046054e-06,
            1.3612808305258632e-05,
            1.4651334153990444e-05
        ],
        [
            6.100829690882706e-05,
            4.564857946388715e-05,
            5.496789421840842e-05,
            0.00021802539958781518,
            5.1689064388470615e-05,
            3.239378699762676e-07,
            -9.157358754691243e-06,
            -1.4256802667728384e-05
        ],
        [
            1.3601852377287179e-05,
            8.478683984065901e-06,
            -2.7229950306337978e-05,
            5.1689064388470615e-05,
            0.0006669592585973727,
            -2.309282513803384e-05,
            -3.295973389471837e-05,
            -3.3171882685883524e-05
        ],
        [
            -3.6689583091548904e-06,
            -1.085719934287563e-05,
            -7.48571314046054e-06,
            3.239378699762676e-07,
            -2.309282513803384e-05,
            4.9925180476778366e-05,
            4.0972936928429846e-05,
            3.8840563609986095e-05
        ],
        [
            1.226474045605942e-05,
            -2.1080855110669193e-06,
            1.3612808305258632e-05,
            -9.157358754691243e-06,
            -3.295973389471837e-05,
            4.0972936928429846e-05,
            6.020463810422783e-05,
            5.2347872548546455e-05
        ],
        [
            1.858545850700109e-05,
            9.646082070185941e-06,
            1.4651334153990444e-05,
            -1.4256802667728384e-05,
            -3.3171882685883524e-05,
            3.8840563609986095e-05,
            5.2347872548546455e-05,
            9.836032322040034e-05
        ]
    ],
    "SampleNb": 50000,
    "RelativeFiniteDifferenceStep": 0.1,
    "Past": [
        [
            5166.25,
            6382.46,
            46606.94,
            17435.95,
            4912.11,
            1.58201280302235,
            0.0235297771683043,
            0.00981507726998101
        ]
    ]
}