{
    "IsRebalancing": true,
    "MathDate": 1,
    "DomesticCurrencyId": "EUR",
    "Currencies": [
        {
            "id": "EUR",
            "InterestRate": 0.0452
        },
        {
            "id": "GBP",
            "InterestRate": 0.0602
        },
        {
            "id": "JPY",
            "InterestRate": 0.0029
        },
        {
            "id": "INR",
            "InterestRate": 0.0875
        }
    ],
    "Assets": [
        {
            "Id": "EUROSTOXX50",
            "CurrencyId": "EUR"
        },
        {
            "Id": "MIB",
            "CurrencyId": "EUR"
        },
        {
            "Id": "FTSE100",
            "CurrencyId": "GBP"
        },
        {
            "Id": "NIKKEI",
            "CurrencyId": "JPY"
        },
        {
            "Id": "SENSEX",
            "CurrencyId": "INR"
        }
    ],
    "NumberOfDaysInOneYear": 252,
    "Option": {
        "Type": "Chorelia",
        "MaturityInDays": 1304,
        "FixingDatesInDays": {
            "Type": "Grid",
            "DatesInDays": [
                0,
                259,
                519,
                780,
                1042,
                1304
            ]
        },
        "ReferentialAmount": 1000
    },
    "CovarianceMatrix": [
        [
            0.0002499140975001459,
            0.00016663573865068317,
            0.00020255655873257665,
            6.056430842669083e-05,
            1.3319412711743652e-05,
            -3.4162236450925893e-06,
            1.222414988738464e-05,
            1.87745440639652e-05
        ],
        [
            0.00016663573865068317,
            0.00019397910285739325,
            0.00013878300802152384,
            4.531847278448214e-05,
            8.184469455572953e-06,
            -1.0503241967367112e-05,
            -2.0221990870807617e-06,
            9.966426458697317e-06
        ],
        [
            0.00020255655873257665,
            0.00013878300802152384,
            0.000245669483153347,
            5.451586449457075e-05,
            -2.7000090150914158e-05,
            -7.456281495108438e-06,
            1.3500486713659e-05,
            1.4495758855650367e-05
        ],
        [
            6.056430842669083e-05,
            4.531847278448214e-05,
            5.451586449457075e-05,
            0.00021629493450363996,
            5.118931285272389e-05,
            3.9819781308812506e-07,
            -9.066575106030404e-06,
            -1.4034501421927379e-05
        ],
        [
            1.3319412711743652e-05,
            8.184469455572953e-06,
            -2.7000090150914158e-05,
            5.118931285272389e-05,
            0.00066188738336807,
            -2.321593378681022e-05,
            -3.2773046779329636e-05,
            -3.3351235122462806e-05
        ],
        [
            -3.4162236450925893e-06,
            -1.0503241967367112e-05,
            -7.456281495108438e-06,
            3.9819781308812506e-07,
            -2.321593378681022e-05,
            4.9933045469685123e-05,
            4.0752745439526863e-05,
            3.9108248611138104e-05
        ],
        [
            1.222414988738464e-05,
            -2.0221990870807617e-06,
            1.3500486713659e-05,
            -9.066575106030404e-06,
            -3.2773046779329636e-05,
            4.0752745439526863e-05,
            5.977212115021992e-05,
            5.208262060328017e-05
        ],
        [
            1.87745440639652e-05,
            9.966426458697317e-06,
            1.4495758855650367e-05,
            -1.4034501421927379e-05,
            -3.3351235122462806e-05,
            3.9108248611138104e-05,
            5.208262060328017e-05,
            9.843823313997665e-05
        ]
    ],
    "SampleNb": 50000,
    "RelativeFiniteDifferenceStep": 0.1,
    "Past": [
        [
            5166.25,
            6382.46,
            46606.94,
            17435.95,
            4912.11,
            1.58201280302235,
            0.0235297771683043,
            0.00981507726998101
        ],
        [
            5152.38,
            6419.59,
            46921.72,
            17282.37,
            4885.6,
            1.5854813256181,
            0.0235574978450779,
            0.00979223616680173
        ]
    ]
}