{
    "MathDate": 976,
    "DomesticCurrencyId": "EUR",
    "Currencies": [
        {
            "id": "EUR",
            "InterestRate": 0.01955
        },
        {
            "id": "GBP",
            "InterestRate": 0.0432
        },
        {
            "id": "JPY",
            "InterestRate": -0.0004
        },
        {
            "id": "INR",
            "InterestRate": 0.046
        }
    ],
    "Assets": [
        {
            "Id": "EUROSTOXX50",
            "CurrencyId": "EUR"
        },
        {
            "Id": "MIB",
            "CurrencyId": "EUR"
        },
        {
            "Id": "FTSE100",
            "CurrencyId": "GBP"
        },
        {
            "Id": "NIKKEI",
            "CurrencyId": "JPY"
        },
        {
            "Id": "SENSEX",
            "CurrencyId": "INR"
        }
    ],
    "NumberOfDaysInOneYear": 252,
    "Option": {
        "Type": "Chorelia",
        "MaturityInDays": 1304,
        "FixingDatesInDays": {
            "Type": "Grid",
            "DatesInDays": [
                0,
                259,
                519,
                780,
                1042,
                1304
            ]
        },
        "ReferentialAmount": 1000
    },
    "CovarianceMatrix": [
        [
            0.0004045198109848508,
            0.00026918636792145023,
            0.0002924628145912297,
            6.257697745955216e-05,
            4.3431356236996294e-05,
            1.224816611231659e-05,
            3.670408674414156e-05,
            1.4476765959759127e-05
        ],
        [
            0.00026918636792145023,
            0.00022306080130936331,
            0.00019401649162793734,
            4.9300494125976876e-05,
            2.979840967032579e-05,
            2.643689262838621e-06,
            2.050078496901003e-05,
            5.619631800817187e-06
        ],
        [
            0.0002924628145912297,
            0.00019401649162793734,
            0.00023398176912035854,
            4.485771031524514e-05,
            3.363116695001639e-05,
            7.760464291833267e-06,
            2.5126969159388362e-05,
            9.635071465135562e-06
        ],
        [
            6.257697745955216e-05,
            4.9300494125976876e-05,
            4.485771031524514e-05,
            0.00021262233360461774,
            3.870069042843712e-05,
            -5.263939470498821e-06,
            -3.530999952309601e-06,
            -1.0570027317538515e-06
        ],
        [
            4.3431356236996294e-05,
            2.979840967032579e-05,
            3.363116695001639e-05,
            3.870069042843712e-05,
            0.00014455665403811891,
            -8.610835448980252e-07,
            4.527034402539265e-06,
            -8.401645619144676e-07
        ],
        [
            1.224816611231659e-05,
            2.643689262838621e-06,
            7.760464291833267e-06,
            -5.263939470498821e-06,
            -8.610835448980252e-07,
            1.8695335647739247e-05,
            1.7479102710890066e-05,
            1.0150084740312736e-05
        ],
        [
            3.670408674414156e-05,
            2.050078496901003e-05,
            2.5126969159388362e-05,
            -3.530999952309601e-06,
            4.527034402539265e-06,
            1.7479102710890066e-05,
            4.494140478277789e-05,
            2.4078827249254764e-05
        ],
        [
            1.4476765959759127e-05,
            5.619631800817187e-06,
            9.635071465135562e-06,
            -1.0570027317538515e-06,
            -8.401645619144676e-07,
            1.0150084740312736e-05,
            2.4078827249254764e-05,
            3.3946153561816315e-05
        ]
    ],
    "SampleNb": 50000,
    "RelativeFiniteDifferenceStep": 0.1,
    "Past": [
        [
            5166.25,
            6382.46,
            46606.94,
            17435.95,
            4912.11,
            1.58201280302235,
            0.0235297771683043,
            0.00981507726998101
        ],
        [
            4243.8,
            5639.91,
            37841.91,
            12817.41,
            3312.29,
            1.65861134032771,
            0.0250441522142499,
            0.00947763502753452
        ],
        [
            2999.17,
            4546.77,
            27405.37,
            10622.32,
            3285.04,
            1.55730223123732,
            0.02079554609312,
            0.00846435305426023
        ],
        [
            2420.35,
            4006.86,
            24403.98,
            9592.24,
            3601.39,
            1.44408807212205,
            0.018718453789828,
            0.0073406011940633
        ],
        [
            2819.7,
            4410.71,
            27400.0,
            11683.42,
            5740.85,
            1.50246783720366,
            0.0187038130378819,
            0.00780332676264608
        ]
    ]
}